%YAML:1.0

# Camera model
Camera.model: "KannalaBrandt8"

# Camera calibration and distortion parameters
Camera.fx: 767.3835
Camera.fy: 767.5024
Camera.cx: 679.0564
Camera.cy: 543.6475

Camera.k0: -0.1886493
Camera.k1: -0.003993755
Camera.k2: 0.03059912
Camera.k3: -0.01278458

Camera.radiansPerPixel: 0.0013

Masking.filterFile: "./data/C3DV/filters.txt"

Visualization.cameraSize: 0.5

System.autoplay: 1

# Set the below variables to valid paths to save outputs
MapVisualizer.save_path: "/root/NR-SLAiM-Docker/MapResult/"
ImageVisualizer.save_path: "/root/NR-SLAiM-Docker/ImageResult/"
Evaluation.save_path: "/root/NR-SLAiM-Docker/Evaluation/"

MapVisualizer.left_view: !!opencv-matrix
  rows: 4
  cols: 4
  dt: f
#  data: [ 0.785745,   0.48177,    0.387947,   5.02123,
#          -0.0591522, -0.565788,  0.822426,   -5.44175,
#          0.615716,   -0.669165,  -0.416067,  -12.3285,
#          0.0,        0.0,        0.0,        1.0 ]
  data: [ 0.9481,    -0.314613,  0.046099,  0.552977,
          0.31052,   0.947302,   0.0787199, 0.393949,
          -0.068436, -0.0603197, 0.99583,   -10.9741,
          0.0,       0.0,        0.0,       1.0 ]


MapVisualizer.right_view: !!opencv-matrix
  rows: 4
  cols: 4
  dt: f
#  data: [ 0.525733,     0.187924,   -0.829632,  5.81522,
#          -0.00904387,  -0.974003,  -0.226357,  0.590644,
#          -0.850602,    0.126507,   -0.510366,  -10.6228,
#          0.0,          0.0,        0.0,        1.0 ]
  data: [ 0.9481,    -0.314613,  0.046099,  0.552977,
          0.31052,   0.947302,   0.0787199, 0.393949,
          -0.068436, -0.0603197, 0.99583,   -10.9741,
          0.0,       0.0,        0.0,       1.0 ]
